150.28010535240173
146.15231561660767
147.54521012306213
163.06366610527039
144.65073084831238
159.80852580070496
195.90477681159973
207.8643970489502
196.93722915649414
163.49211430549622
164.88435554504395
241.5646150112152
145.31294441223145
199.79211401939392
165.68916368484497
153.07186245918274
153.6592240333557
146.36694645881653
145.90440797805786
145.11392521858215
145.24226546287537
156.59845566749573
146.90450882911682
163.6545295715332
144.7866246700287
145.9631884098053
168.07475900650024
146.4105350971222
148.072420835495
145.14627075195312
155.97106051445007
146.50933289527893
145.92218947410583
143.0368311405182
146.25328755378723
145.57392525672913
144.37696194648743
147.5596170425415
145.87663006782532
146.85359692573547
143.69520092010498
143.21809101104736
145.94459462165833
144.82156133651733
148.31124114990234
144.13761353492737
147.58432340621948
150.1106014251709
148.14218163490295
148.81336760520935
