150.28010535240173
146.15231561660767
147.54521012306213
163.06366610527039
144.65073084831238
159.80852580070496
195.90477681159973
207.8643970489502
196.93722915649414
163.49211430549622
164.88435554504395
241.5646150112152
145.31294441223145
199.79211401939392
165.68916368484497
153.07186245918274
153.6592240333557
146.36694645881653
145.90440797805786
145.11392521858215
145.24226546287537
156.59845566749573
146.90450882911682
163.6545295715332
144.7866246700287
145.9631884098053
168.07475900650024
